accuracy = 0.919732441471572
auprc = 0.6617732661255329
auroc = 0.9224528131682702
eval_loss = 0.28325975669249326
f1_score = 0.783179423429823
fn = 67
fp = 101
mcc = 0.5688594987736526
pcl_f1 = 0.6111111111111112
tn = 1793
tp = 132
